clc,clear,close all

%for c=0.1:0.1:1
X = [1	2	3	4	5	6	7	8	9	10; 1	2	3	4	5	6	7	8	9	10; 1	2	3	4	5	6	7	8	9	10; 1	2	3	4	5	6	7	8	9	10];
Y = [14.2	10.3	9.3	7.9	7.9	7.9	7.9	7.9	7.9	7.9; 15.7	12.2	8.6	8.6	8.6	8.6	8.6	8.6	8.6	8.6; 11.3	9.9	7.1	7.1	7.1	7.1	7.1	7.1	7.1	7.1; 16.9	13.1	9.4	6.6	6.6	6.6	6.6	6.6	6.6	6.6];
%[X,Y] = meshgrid(1:1:10,y);
%X=[0.1,0.2,0.3,0.4
%X=tril(X);
%Y=tril(Y);
%Z=[0.7 0.17 0.17 0.17 0.7 0.17 0.05 0.08 0.08; 0.17 0.7 0.7 0.7 0.08 0.08 0.7 0.17 0.17;0.08 0.08 0.08 0.08 0.17 0.7 0.17 0.05 0.05;0.05 0.05 0.05 0.05 0.05 0.05 0.08 0.7 0.7];
%sZ=[0.316546763 0.316546763 0.366906475 0.503597122 0.690647482 0.690647482 0.726618705 0.820143885 0.820143885 ; 0.237410072 0.402877698 0.402877698 0.561151079 0.561151079 0.625899281 0.784172662 0.884892086 0.956834532; 0.014388489 0.136690647 0.258992806 0.402877698 0.589928058 0.705035971 0.748201439 0.784172662 0.791366906; 0 0.035971223 0.215827338 0.352517986 0.381294964 0.467625899 0.741007194 1 1];
%Z=[0.368 0.368 0.396 0.472 0.576 0.576 0.596 0.648 0.648; 0.324 0.416 0.416 0.504 0.504 0.54 0.628 0.684 0.724; 0.2 0.268 0.336 0.416 0.52 0.584 0.608 0.628 0.632; 0.192 0.212 0.312 0.388 0.404 0.452 0.604 0.748 0.748];
Z=[38.9	36.9	34.2	30.4	27.9	25.3	22	20.7	18.6	15.3; 37.6	36	34.3	30.9	29.5	28.1	26.7	24.1	22.3	20; 41.6	39.6	36.1	34.3	31.3	30.2	28.6	25.3	22.9	19.9; 41.1	38.9	37.7	36.2	34.9	31.3	28	25.8	24.5	20.5];
%Z=[38.9	37.6	41.6	41.1; 36.9	36	39.6	38.9; 34.2	34.3	36.1	37.7; 30.4	30.9	34.3	36.2; 27.9	29.5	31.3	34.9; 25.3	28.1	30.2	31.3; 22	26.7	28.6	28; 20.7	24.1	25.3	25.8; 18.6	22.3	22.9	24.5; 15.3	20	19.9	20.5];
%Z=(((X)./Y).^(1./(Y-X)));
%Z = sin(X) + cos(Y);
figure
surf(X,Y,Z);
colorbar
grid on
xlabel('Iterations','FontSize',22)
ylabel('Time','FontSize',22)
zlabel('Cost','FontSize',22)
set(get(gca,'zlabel'),'rotation',360)
set(gca,'Fontsize', 18);
